5.344571189880371094e+02 1.729585533142089844e+02 2.729155951142311096e+02
4.782574214935302734e+02 2.007460162639617920e+02 2.678257048130035400e+02
4.744273681640625000e+02 1.913635656833648682e+02 2.411538776755332947e+02
4.972927398681640625e+02 1.847777795791625977e+02 2.537105967402458191e+02
4.815664138793945312e+02 1.907542872428894043e+02 2.332538980245590210e+02
5.608037681579589844e+02 2.333346371650695801e+02 2.568850290775299072e+02
4.552656478881835938e+02 1.889670152664184570e+02 2.334781991243362427e+02
5.496451950073242188e+02 2.055943920612335205e+02 2.453040177822113037e+02
5.016483078002929688e+02 1.897267975807189941e+02 2.539013259410858154e+02
5.450722656250000000e+02 2.313684747219085693e+02 2.734542465209960938e+02
4.668628311157226562e+02 1.885277879238128662e+02 2.518490074872970581e+02
5.434104614257812500e+02 1.870636925697326660e+02 2.821230459213256836e+02
5.147681541442871094e+02 1.937811014652252197e+02 2.660269815325737000e+02
4.069107799530029297e+02 1.907323429584503174e+02 2.616084252595901489e+02
5.184971771240234375e+02 2.110639796257019043e+02 2.629138748645782471e+02
5.512588863372802734e+02 2.021111679077148438e+02 2.579545576572418213e+02
5.392630615234375000e+02 2.099906642436981201e+02 2.537109470963478088e+02
5.196411895751953125e+02 2.099164326190948486e+02 2.615341172814369202e+02
5.615033416748046875e+02 2.085510678291320801e+02 2.423743580579757690e+02
4.872728786468505859e+02 1.827798943519592285e+02 2.365462211370468140e+02
5.992447166442871094e+02 1.773156373500823975e+02 2.441115029454231262e+02
4.409774551391601562e+02 1.971922392845153809e+02 2.655601548552513123e+02
5.287686538696289062e+02 2.043096537590026855e+02 2.645026336908340454e+02
5.259927139282226562e+02 1.799547765254974365e+02 2.549629673361778259e+02
4.088600463867187500e+02 1.890913894176483154e+02 2.441260256171226501e+02
3.991548385620117188e+02 1.479264867305755615e+02 2.216881645321846008e+02
4.619561138153076172e+02 1.672695326805114746e+02 2.364155592918395996e+02
5.260672187805175781e+02 2.042888891696929932e+02 2.585758826732635498e+02
4.609286613464355469e+02 2.044958238601684570e+02 2.472655737996101379e+02
5.234477291107177734e+02 2.001587920188903809e+02 2.670765835046768188e+02
5.845519218444824219e+02 2.114566659927368164e+02 2.329483308792114258e+02
4.760617771148681641e+02 2.231308522224426270e+02 2.602024519443511963e+02
5.362441120147705078e+02 2.235873665809631348e+02 2.638586976528167725e+02
4.474010276794433594e+02 1.919430012702941895e+02 2.492177712321281433e+02
6.473391685485839844e+02 2.279075531959533691e+02 2.538059423565864563e+02
5.385731849670410156e+02 2.426376662254333496e+02 2.653037952780723572e+02
4.999705924987792969e+02 1.761147019863128662e+02 2.664026303291320801e+02
4.644373760223388672e+02 1.837848901748657227e+02 2.264481743574142456e+02
4.695045585632324219e+02 2.021812264919281006e+02 2.605153650641441345e+02
5.286767692565917969e+02 1.734936957359313965e+02 3.139629945158958435e+02
5.102856655120849609e+02 2.052111115455627441e+02 2.482205861806869507e+02
5.654335556030273438e+02 1.818995618820190430e+02 2.358909422159194946e+02
5.196377410888671875e+02 1.969976878166198730e+02 2.556227406263351440e+02
5.230276794433593750e+02 1.935813014507293701e+02 2.732675665616989136e+02
5.272736129760742188e+02 1.863161849975585938e+02 2.614192028045654297e+02
4.415330772399902344e+02 2.114314906597137451e+02 2.550124861598014832e+02
5.909592189788818359e+02 2.256505866050720215e+02 2.928322908282279968e+02
4.613276786804199219e+02 1.889418134689331055e+02 2.348004133701324463e+02
4.132561874389648438e+02 2.038889827728271484e+02 2.383362069725990295e+02
3.817930412292480469e+02 1.931240832805633545e+02 2.568786476254463196e+02
5.248045196533203125e+02 1.931027393341064453e+02 2.509800336360931396e+02
4.958330917358398438e+02 2.058123629093170166e+02 2.766933604478836060e+02
5.361030330657958984e+02 2.019059004783630371e+02 2.522072747349739075e+02
4.118457756042480469e+02 1.988363564014434814e+02 2.646679343581199646e+02
4.120495338439941406e+02 1.826118595600128174e+02 2.529984672069549561e+02
5.502121753692626953e+02 1.850889916419982910e+02 2.441956400871276855e+02
5.556516609191894531e+02 2.161642303466796875e+02 2.649029056429862976e+02
4.584936981201171875e+02 1.760919690132141113e+02 2.292008215188980103e+02
5.663511505126953125e+02 1.925431962013244629e+02 2.538391385674476624e+02
5.610874366760253906e+02 2.129750080108642578e+02 2.857341873645782471e+02
5.597729454040527344e+02 1.962039482593536377e+02 2.548156250715255737e+02
4.754976539611816406e+02 1.902472386360168457e+02 2.376235508918762207e+02
4.045354843139648438e+02 1.571241030693054199e+02 2.438274369835853577e+02
5.807637710571289062e+02 1.847583425045013428e+02 2.685478157401084900e+02
4.841289196014404297e+02 1.920201389789581299e+02 2.147108904123306274e+02
5.635841369628906250e+02 1.884694433212280273e+02 2.655684108734130859e+02
5.110401878356933594e+02 2.249011578559875488e+02 2.503774541020393372e+02
5.653296470642089844e+02 2.020697886943817139e+02 2.627744365334510803e+02
4.572619876861572266e+02 1.830072417259216309e+02 2.411917422413825989e+02
5.081833133697509766e+02 1.644468090534210205e+02 2.584130793809890747e+02
5.037499237060546875e+02 2.112848978042602539e+02 2.518131552934646606e+02
4.918521785736083984e+02 1.582522153854370117e+02 2.560586237907409668e+02
5.302475547790527344e+02 2.293038067817687988e+02 2.575957450270652771e+02
5.705725650787353516e+02 1.999870018959045410e+02 2.545239046812057495e+02
5.494495773315429688e+02 2.121086404323577881e+02 2.568297331929206848e+02
4.807599563598632812e+02 2.020185213088989258e+02 2.577638373970985413e+02
4.751466331481933594e+02 1.783308253288269043e+02 2.755703109502792358e+02
5.048238220214843750e+02 2.125266027450561523e+02 2.506659487485885620e+02
5.502522354125976562e+02 2.507838504314422607e+02 2.789643258452415466e+02
5.154443397521972656e+02 1.879849338531494141e+02 2.394137409925460815e+02
4.282809638977050781e+02 1.689098136425018311e+02 2.607900643944740295e+02
4.124241104125976562e+02 1.745008845329284668e+02 2.521861459016799927e+02
4.085283927917480469e+02 1.804268319606781006e+02 2.318843183517456055e+02
4.477554855346679688e+02 1.598642902374267578e+02 2.526932256817817688e+02
5.432674865722656250e+02 1.928383433818817139e+02 2.492963070869445801e+02
4.267407455444335938e+02 2.100665659904479980e+02 2.596888612508773804e+02
5.219043025970458984e+02 1.912913503646850586e+02 2.375775179266929626e+02
4.793387680053710938e+02 1.609403800964355469e+02 2.391442375183105469e+02
4.698173751831054688e+02 2.085716509819030762e+02 2.567733332514762878e+02
4.231704101562500000e+02 1.890768203735351562e+02 2.682592666149139404e+02
5.875501060485839844e+02 2.070501401424407959e+02 2.606364405751228333e+02
5.151976356506347656e+02 1.871125340461730957e+02 2.331027083396911621e+02
4.447724571228027344e+02 1.751562528610229492e+02 2.423756579756736755e+02
4.774962615966796875e+02 1.854507856369018555e+02 2.703408706188201904e+02
4.913930130004882812e+02 1.799819998741149902e+02 2.526489631533622742e+02
5.604906082153320312e+02 2.241253814697265625e+02 2.693882027268409729e+02
4.892551517486572266e+02 2.339192032814025879e+02 2.615666039586067200e+02
4.439621009826660156e+02 1.559126222133636475e+02 2.337472497820854187e+02
4.599778594970703125e+02 1.923300952911376953e+02 2.683213995099067688e+02
5.079514636993408203e+02 1.837947945594787598e+02 2.535042715072631836e+02
4.629809799194335938e+02 1.462366485595703125e+02 2.514345774054527283e+02
4.742219963073730469e+02 2.197528445720672607e+02 2.656687391400337219e+02
4.069360084533691406e+02 1.896937253475189209e+02 2.624935102462768555e+02
4.831254901885986328e+02 1.761739330291748047e+02 2.331108235716819763e+02
4.653382930755615234e+02 1.916254854202270508e+02 2.251337169408798218e+02
5.110471878051757812e+02 2.173158857822418213e+02 2.806264926791191101e+02
5.688859138488769531e+02 1.982895057201385498e+02 2.659997783899307251e+02
4.999439201354980469e+02 1.752911388874053955e+02 2.444580845236778259e+02
5.670660095214843750e+02 2.321114549636840820e+02 2.804869310855865479e+02
5.072187309265136719e+02 1.752067146301269531e+02 2.363285558223724365e+02
5.373260231018066406e+02 2.027616009712219238e+02 2.357755452990531921e+02
4.390262470245361328e+02 1.999102652072906494e+02 2.548613870739936829e+02
5.089586238861083984e+02 1.939054458141326904e+02 2.491712924838066101e+02
5.046756839752197266e+02 1.920128102302551270e+02 2.373351150751113892e+02
4.091739673614501953e+02 1.789801454544067383e+02 2.609482290148735046e+02
4.946644783020019531e+02 2.386035938262939453e+02 2.681920471787452698e+02
4.739936408996582031e+02 1.990225701332092285e+02 2.481921051144599915e+02
4.721928138732910156e+02 1.684542353153228760e+02 2.629707283973693848e+02
4.674268455505371094e+02 2.134238176345825195e+02 2.690596573352813721e+02
5.505571041107177734e+02 2.039183993339538574e+02 2.785777229070663452e+02
4.119659423828125000e+02 1.660546228885650635e+02 2.514892655611038208e+02
3.852530212402343750e+02 1.807780008316040039e+02 2.468808008432388306e+02
5.867329406738281250e+02 1.986894640922546387e+02 2.490598570704460144e+02
4.324775695800781250e+02 1.869100801944732666e+02 2.588167021274566650e+02
5.064995918273925781e+02 1.533346779346466064e+02 2.487833505868911743e+02
5.231400375366210938e+02 2.075464937686920166e+02 2.974949868321418762e+02
5.160411739349365234e+02 1.739815957546234131e+02 2.232701146006584167e+02
3.886340751647949219e+02 1.852922377586364746e+02 2.552858022451400757e+02
4.279041366577148438e+02 1.882900452613830566e+02 2.469914846420288086e+02
4.474723224639892578e+02 1.668252537250518799e+02 2.359750620126724243e+02
5.012543144226074219e+02 1.887997193336486816e+02 2.465417366623878479e+02
6.168531799316406250e+02 2.295419414043426514e+02 2.701809286475181580e+02
4.935667839050292969e+02 1.989959146976470947e+02 2.677494868636131287e+02
4.559101867675781250e+02 1.896858835220336914e+02 2.518761570453643799e+02
4.667619590759277344e+02 1.785739707946777344e+02 2.543465043306350708e+02
4.084001350402832031e+02 1.663811142444610596e+02 2.535728783011436462e+02
4.244144630432128906e+02 1.510303711891174316e+02 2.474295231699943542e+02
5.153656578063964844e+02 1.734664418697357178e+02 2.277710492610931396e+02
4.780256309509277344e+02 2.376649062633514404e+02 2.947649366855621338e+02
5.196208953857421875e+02 1.892560126781463623e+02 2.511823057532310486e+02
4.809202957153320312e+02 2.181892890930175781e+02 2.515715499520301819e+02
4.804518280029296875e+02 2.163255875110626221e+02 2.788018415570259094e+02
3.950015525817871094e+02 1.646768581867218018e+02 2.751703182458877563e+02
5.393812198638916016e+02 2.193256571292877197e+02 2.577036277055740356e+02
4.465830268859863281e+02 1.997876482009887695e+02 2.272769549489021301e+02
5.245598220825195312e+02 1.970998260974884033e+02 2.768255773186683655e+02
4.533748531341552734e+02 1.611264612674713135e+02 2.844980897307395935e+02
5.158476772308349609e+02 1.841045827865600586e+02 2.481363725662231445e+02
5.012313003540039062e+02 1.883337130546569824e+02 2.366342843770980835e+02
4.784399509429931641e+02 2.038972096443176270e+02 2.407484508156776428e+02
4.574449348449707031e+02 1.304472255706787109e+02 2.334929215908050537e+02
3.842602920532226562e+02 1.755779550075531006e+02 2.438312182426452637e+02
5.277688064575195312e+02 2.278810367584228516e+02 2.367276402115821838e+02
5.291368236541748047e+02 2.107835528850555420e+02 2.480689596533775330e+02
4.359790706634521484e+02 1.937949004173278809e+02 2.565071251988410950e+02
4.056867103576660156e+02 1.689969677925109863e+02 2.361013098955154419e+02
4.470395011901855469e+02 1.841543872356414795e+02 2.368768289089202881e+02
5.125278491973876953e+02 1.921690642833709717e+02 2.721231123208999634e+02
4.303797607421875000e+02 1.734647386074066162e+02 2.590055087208747864e+02
5.172745990753173828e+02 2.069270548820495605e+02 2.449423354268074036e+02
5.291517639160156250e+02 2.250281572341918945e+02 2.798885318040847778e+02
4.721555023193359375e+02 1.881816024780273438e+02 2.378891452550888062e+02
4.015091667175292969e+02 1.247132360935211182e+02 2.353305665254592896e+02
4.468515071868896484e+02 1.810199542045593262e+02 2.398410372138023376e+02
3.978483505249023438e+02 1.632247397899627686e+02 2.441332111954689026e+02
5.502571010589599609e+02 1.893167715072631836e+02 2.501385627388954163e+02
4.958984241485595703e+02 1.803975362777709961e+02 2.450573626756668091e+02
4.435392570495605469e+02 1.718876543045043945e+02 2.589853780865669250e+02
5.486085033416748047e+02 2.207640254497528076e+02 2.587327725291252136e+02
5.087910232543945312e+02 2.155327439308166504e+02 2.556887243986129761e+02
3.994941730499267578e+02 1.858059508800506592e+02 2.469262493848800659e+02
4.628938465118408203e+02 2.000327332019805908e+02 2.588001524209976196e+02
4.739718551635742188e+02 2.070991277694702148e+02 2.941085569262504578e+02
5.711562862396240234e+02 1.629990987777709961e+02 2.427243771553039551e+02
4.935228347778320312e+02 1.888398270606994629e+02 2.543003000020980835e+02
5.543910293579101562e+02 2.020746300220489502e+02 2.642564545273780823e+02
3.868509273529052734e+02 1.948531796932220459e+02 2.605405474305152893e+02
4.507473163604736328e+02 1.877513616085052490e+02 2.483456230163574219e+02
4.553860435485839844e+02 1.873423416614532471e+02 2.549834730029106140e+02
3.683345088958740234e+02 1.459254090785980225e+02 2.500009449124336243e+02
4.794127082824707031e+02 1.561020927429199219e+02 2.657789632081985474e+02
5.577671737670898438e+02 2.286283497810363770e+02 2.519051284790039062e+02
4.998153877258300781e+02 2.045802814960479736e+02 2.552334570884704590e+02
5.010470199584960938e+02 1.603457076549530029e+02 2.406256246566772461e+02
4.920048179626464844e+02 1.960417928695678711e+02 2.343005838990211487e+02
5.278445491790771484e+02 1.798096089363098145e+02 2.816117166280746460e+02
4.843463630676269531e+02 2.124112205505371094e+02 2.704758045077323914e+02
5.094601593017578125e+02 1.838768258094787598e+02 2.606550494432449341e+02
4.983059139251708984e+02 1.743458855152130127e+02 2.152593218088150024e+02
3.821670837402343750e+02 1.719478554725646973e+02 2.299852005839347839e+02
3.869062538146972656e+02 1.797230186462402344e+02 2.508811011314392090e+02
4.535023574829101562e+02 1.712086329460144043e+02 2.439916938543319702e+02
4.803220443725585938e+02 1.921388099193572998e+02 2.563113292455673218e+02
4.642444534301757812e+02 2.091973912715911865e+02 2.469334392547607422e+02
3.833900394439697266e+02 1.639117262363433838e+02 2.732500346899032593e+02
5.177075080871582031e+02 1.829130945205688477e+02 2.506189261674880981e+02
5.505755424499511719e+02 2.099091339111328125e+02 2.542335044145584106e+02
4.991065597534179688e+02 2.093278639316558838e+02 2.660045547485351562e+02
5.432254467010498047e+02 2.000455613136291504e+02 2.706308649182319641e+02
4.175691871643066406e+02 1.558869931697845459e+02 2.307951856851577759e+02
4.856905097961425781e+02 2.075738191604614258e+02 2.606465626358985901e+02
4.721065120697021484e+02 2.112692823410034180e+02 2.694599607586860657e+02
5.251127662658691406e+02 1.811655488014221191e+02 2.487312188744544983e+02
4.627276992797851562e+02 1.660545396804809570e+02 2.632590677738189697e+02
4.429133644104003906e+02 1.803859858512878418e+02 2.548825871944427490e+02
4.556355361938476562e+02 1.633834497928619385e+02 2.306244327425956726e+02
5.347077312469482422e+02 1.857178983688354492e+02 2.412434197068214417e+02
5.331515998840332031e+02 2.265948252677917480e+02 2.544721747636795044e+02
4.864429206848144531e+02 2.054830660820007324e+02 2.436858077049255371e+02
4.098885459899902344e+02 1.848289515972137451e+02 2.464220325946807861e+02
5.273340301513671875e+02 1.911426219940185547e+02 2.535102698206901550e+02
4.515825195312500000e+02 1.828516068458557129e+02 2.683987680673599243e+02
4.357334327697753906e+02 1.763007924556732178e+02 2.538902561664581299e+02
4.544619636535644531e+02 1.848044652938842773e+02 2.641777006387710571e+02
4.442489242553710938e+02 1.684260520935058594e+02 2.513237021565437317e+02
5.218693199157714844e+02 1.997975101470947266e+02 2.436295447349548340e+02
3.942552108764648438e+02 1.755867385864257812e+02 2.264950332045555115e+02
4.102691307067871094e+02 1.900015866756439209e+02 2.745100842714309692e+02
4.425919017791748047e+02 1.748473064899444580e+02 2.340024417638778687e+02
4.802119312286376953e+02 1.891783714294433594e+02 2.601439210176467896e+02
3.868401489257812500e+02 1.984430475234985352e+02 2.727473340630531311e+02
5.740894069671630859e+02 2.063993277549743652e+02 2.656852802634239197e+02
4.299751014709472656e+02 1.964732863903045654e+02 2.581407096982002258e+02
4.071322326660156250e+02 1.845267887115478516e+02 2.680670611262321472e+02
3.891740264892578125e+02 1.857990577220916748e+02 2.362158389687538147e+02
4.383670043945312500e+02 1.756973953247070312e+02 2.570278927087783813e+02
5.311566123962402344e+02 2.061282455921173096e+02 2.570651949644088745e+02
4.151861190795898438e+02 1.633345425128936768e+02 2.413506227731704712e+02
4.845759887695312500e+02 1.548445065021514893e+02 2.288956452608108521e+02
5.001761817932128906e+02 1.827540135383605957e+02 2.389454610943794250e+02
4.288743743896484375e+02 1.731906783580780029e+02 2.526432904601097107e+02
3.982958469390869141e+02 1.868416018486022949e+02 2.629671480655670166e+02
4.188623962402343750e+02 1.199427103996276855e+02 2.510681011080741882e+02
4.523546867370605469e+02 1.757968702316284180e+02 2.401790160536766052e+02
4.688937683105468750e+02 1.893137168884277344e+02 2.508519418835639954e+02
5.434352264404296875e+02 1.899016320705413818e+02 2.465255650281906128e+02
5.034613132476806641e+02 2.044141402244567871e+02 2.545405945181846619e+02
5.200977821350097656e+02 1.964232702255249023e+02 2.558139141798019409e+02
4.796440048217773438e+02 1.657786557674407959e+02 2.496175051927566528e+02
4.649687099456787109e+02 2.041105823516845703e+02 2.450414010882377625e+02
5.353224201202392578e+02 2.301663017272949219e+02 2.705610602498054504e+02
4.116440773010253906e+02 1.683948521614074707e+02 2.483881870508193970e+02
3.924752407073974609e+02 1.887118108272552490e+02 2.428282791376113892e+02
4.272123336791992188e+02 1.465147776603698730e+02 2.297635661363601685e+02
4.553849906921386719e+02 1.792241091728210449e+02 2.516686161756515503e+02
4.249943504333496094e+02 1.850511126518249512e+02 2.328517434597015381e+02
4.249134063720703125e+02 2.275677688121795654e+02 3.021910945177078247e+02
3.623719062805175781e+02 1.869369215965270996e+02 2.530837508440017700e+02
4.424863166809082031e+02 1.676708114147186279e+02 2.627037943005561829e+02
3.650929336547851562e+02 1.453226976394653320e+02 2.526849453449249268e+02
4.730938587188720703e+02 1.762229080200195312e+02 2.516635992527008057e+02
4.442260284423828125e+02 1.867471795082092285e+02 2.558984957337379456e+02
4.826760921478271484e+02 1.674673023223876953e+02 2.408503031730651855e+02
4.788337783813476562e+02 1.804912247657775879e+02 2.496407238245010376e+02
5.933061408996582031e+02 2.080702829360961914e+02 2.573082249760627747e+02
4.695510406494140625e+02 2.192272226810455322e+02 2.783277691006660461e+02
4.742497081756591797e+02 1.877617037296295166e+02 2.375792003870010376e+02
6.178243827819824219e+02 2.447672059535980225e+02 2.650194948911666870e+02
4.624424514770507812e+02 1.785847144126892090e+02 2.483132475018501282e+02
4.163634414672851562e+02 1.592515182495117188e+02 2.481006627976894379e+02
4.763671188354492188e+02 1.774334318637847900e+02 2.581751639246940613e+02
4.054344482421875000e+02 1.874705271720886230e+02 2.440986258387565613e+02
4.685871753692626953e+02 1.623326888084411621e+02 2.602057151794433594e+02
4.766166515350341797e+02 2.022951385974884033e+02 2.443579602241516113e+02
4.191760368347167969e+02 1.744531612396240234e+02 2.398713933229446411e+02
5.826557044982910156e+02 2.088899588584899902e+02 2.528962660431861877e+02
3.886822776794433594e+02 1.677029299736022949e+02 2.273169401884078979e+02
4.132491264343261719e+02 1.630659260749816895e+02 2.491062611937522888e+02
3.877140769958496094e+02 2.048288791179656982e+02 2.711967369914054871e+02
4.723092422485351562e+02 1.889464042186737061e+02 2.622180972099304199e+02
4.935629196166992188e+02 1.638666405677795410e+02 2.359374486207962036e+02
4.743507728576660156e+02 1.613324837684631348e+02 2.547882561087608337e+02
3.475600395202636719e+02 1.637291121482849121e+02 2.411974642276763916e+02
4.158699569702148438e+02 1.719847385883331299e+02 2.562141126990318298e+02
4.051469211578369141e+02 1.737036406993865967e+02 2.408198931813240051e+02
5.690301227569580078e+02 1.934325709342956543e+02 2.452272891402244568e+02
4.312269611358642578e+02 2.062339317798614502e+02 2.642684438228607178e+02
4.498525428771972656e+02 2.071186819076538086e+02 2.811597193479537964e+02
4.474270267486572266e+02 1.768460934162139893e+02 2.369195030927658081e+02
4.200468978881835938e+02 1.647011606693267822e+02 2.725984792709350586e+02
5.209646263122558594e+02 1.958765842914581299e+02 2.402158511877059937e+02
5.251744499206542969e+02 1.804886810779571533e+02 2.565125893354415894e+02
4.819761486053466797e+02 1.941397156715393066e+02 2.652990568876266479e+02
4.092281589508056641e+02 1.784564995765686035e+02 2.597826048135757446e+02
4.244584159851074219e+02 1.923677518367767334e+02 2.473167080283164978e+02
4.956597671508789062e+02 1.854272003173828125e+02 2.457455856204032898e+02
4.213364219665527344e+02 1.733520243167877197e+02 2.440833814144134521e+02
3.854041881561279297e+02 1.897462046146392822e+02 2.623835280537605286e+02
4.984074821472167969e+02 1.920503561496734619e+02 2.467921978831291199e+02
4.534531364440917969e+02 2.244842066764831543e+02 3.060790495872497559e+02
4.321317005157470703e+02 1.492386684417724609e+02 2.346266046166419983e+02
4.613185768127441406e+02 1.884840962886810303e+02 2.394666888713836670e+02
3.865778121948242188e+02 2.019835224151611328e+02 2.448054345250129700e+02
4.443964424133300781e+02 1.698017406463623047e+02 2.537261845469474792e+02
3.724931831359863281e+02 1.496409451961517334e+02 2.634845356345176697e+02
3.923468170166015625e+02 1.651163387298583984e+02 2.452586775422096252e+02
4.197109680175781250e+02 1.819942975044250488e+02 2.329109988212585449e+02
5.651611328125000000e+02 2.065630216598510742e+02 2.469085732698440552e+02
4.381007061004638672e+02 1.793296151161193848e+02 2.551882630586624146e+02
4.528979568481445312e+02 1.514442386627197266e+02 2.395727961063385010e+02
4.789015121459960938e+02 2.021337327957153320e+02 2.297096125483512878e+02
4.516468582153320312e+02 1.817097826004028320e+02 2.480775638818740845e+02
4.303752098083496094e+02 1.680122296810150146e+02 2.815098617672920227e+02
4.543131828308105469e+02 1.654755539894104004e+02 2.693918927311897278e+02
4.625308628082275391e+02 2.001725440025329590e+02 2.579160027503967285e+02
4.707406082153320312e+02 2.110879337787628174e+02 2.678858619332313538e+02
5.785833339691162109e+02 1.790787720680236816e+02 2.254148514866828918e+02
4.792990570068359375e+02 1.785376658439636230e+02 2.592165629267692566e+02
4.698602447509765625e+02 1.938162388801574707e+02 2.454133607745170593e+02
4.306502246856689453e+02 1.590955162048339844e+02 2.380801664590835571e+02
4.021202735900878906e+02 1.618163356781005859e+02 2.477531343102455139e+02
4.799805049896240234e+02 1.629640016555786133e+02 2.331143016219139099e+02
4.912440261840820312e+02 1.922116851806640625e+02 2.666444468498229980e+02
4.769884738922119141e+02 1.940902514457702637e+02 2.472046695351600647e+02
3.909076271057128906e+02 1.674439740180969238e+02 2.443754737973213196e+02
4.922376289367675781e+02 2.016360611915588379e+02 2.692614133954048157e+02
3.673204231262207031e+02 1.545756478309631348e+02 2.545163155198097229e+02
4.251570625305175781e+02 1.865801997184753418e+02 2.340748380422592163e+02
4.564151878356933594e+02 1.912675738334655762e+02 2.470867971181869507e+02
3.651480369567871094e+02 1.684279868602752686e+02 2.866472881436347961e+02
3.834177303314208984e+02 1.555686240196228027e+02 2.792762500047683716e+02
4.591988525390625000e+02 1.710090317726135254e+02 2.382321138978004456e+02
4.625537567138671875e+02 1.920503215789794922e+02 2.514381618499755859e+02
4.485280609130859375e+02 2.000929744243621826e+02 2.614466791749000549e+02
4.525307807922363281e+02 1.826928229331970215e+02 2.567400876283645630e+02
4.612303352355957031e+02 1.666099479198455811e+02 2.527439644932746887e+02
4.663575420379638672e+02 1.599569013118743896e+02 2.473032295703887939e+02
5.046968231201171875e+02 2.060168066024780273e+02 2.656412234306335449e+02
4.660871772766113281e+02 1.898179225921630859e+02 2.295923815965652466e+02
4.332170639038085938e+02 1.804704239368438721e+02 2.581113258600234985e+02
4.025566635131835938e+02 1.843464126586914062e+02 2.536948634982109070e+02
4.705415573120117188e+02 1.726057322025299072e+02 2.800122119188308716e+02
4.620030612945556641e+02 1.663685343265533447e+02 2.512281547188758850e+02
3.710265884399414062e+02 1.566992726325988770e+02 2.484982110857963562e+02
4.793483581542968750e+02 1.977276258468627930e+02 2.531313184499740601e+02
4.623359642028808594e+02 1.716103379726409912e+02 2.662372034192085266e+02
5.268350257873535156e+02 1.935243620872497559e+02 2.484052948951721191e+02
4.989930343627929688e+02 1.894020698070526123e+02 2.620223825573921204e+02
4.216607646942138672e+02 1.696369593143463135e+02 2.569369792342185974e+02
3.939305572509765625e+02 1.553097968101501465e+02 2.319547299742698669e+02
4.163055839538574219e+02 1.765677766799926758e+02 2.497140877246856689e+02
4.376945858001708984e+02 1.467326092720031738e+02 2.371245405673980713e+02
4.332796630859375000e+02 1.852115335464477539e+02 2.442506499886512756e+02
4.405816459655761719e+02 1.883048112392425537e+02 2.637320747375488281e+02
4.466702194213867188e+02 2.035663032531738281e+02 2.459052450656890869e+02
4.308009090423583984e+02 1.980704720020294189e+02 2.612039452791213989e+02
4.437849464416503906e+02 1.667583026885986328e+02 2.608085224628448486e+02
3.383819084167480469e+02 1.409989788532257080e+02 2.233386911153793335e+02
5.730452003479003906e+02 2.135557918548583984e+02 2.557493676543235779e+02
4.624439086914062500e+02 2.038003973960876465e+02 2.622555275559425354e+02
4.327617568969726562e+02 1.573463666439056396e+02 2.336238785386085510e+02
3.650519676208496094e+02 1.671351354122161865e+02 2.413823375701904297e+02
3.777473220825195312e+02 1.996518409252166748e+02 2.571750585436820984e+02
4.494599533081054688e+02 1.409128415584564209e+02 2.625734528303146362e+02
4.162886161804199219e+02 1.756587047576904297e+02 2.634819470047950745e+02
3.811460113525390625e+02 1.788046596050262451e+02 2.726932491660118103e+02
4.566926612854003906e+02 1.758109145164489746e+02 2.366328497529029846e+02
4.644434242248535156e+02 2.114732429981231689e+02 2.603719590902328491e+02
4.626595058441162109e+02 1.772808768749237061e+02 2.408622722625732422e+02
4.056979980468750000e+02 1.538543999195098877e+02 2.600042291879653931e+02
5.142375068664550781e+02 1.983701481819152832e+02 2.432638121247291565e+02
4.250998668670654297e+02 2.092557973861694336e+02 2.627394096255302429e+02
4.617775726318359375e+02 1.686071364879608154e+02 2.414813609719276428e+02
4.671427917480468750e+02 1.873995981216430664e+02 2.705857164859771729e+02
4.106159057617187500e+02 1.496760535240173340e+02 2.477264339327812195e+02
4.693120365142822266e+02 1.888910460472106934e+02 2.539774392843246460e+02
4.434402236938476562e+02 1.620466048717498779e+02 2.696614292263984680e+02
4.314985046386718750e+02 1.551426386833190918e+02 2.336142202615737915e+02
4.904235076904296875e+02 1.888285696506500244e+02 2.578123924136161804e+02
4.409712753295898438e+02 1.659398002624511719e+02 2.213042595982551575e+02
4.446891670227050781e+02 1.733193278312683105e+02 2.285011722445487976e+02
4.535198898315429688e+02 1.972963471412658691e+02 2.679910668134689331e+02
4.356973552703857422e+02 1.720301151275634766e+02 2.298674371838569641e+02
3.815293903350830078e+02 1.669448552131652832e+02 2.510896561145782471e+02
4.181762981414794922e+02 1.614715111255645752e+02 2.508860695362091064e+02
4.343152065277099609e+02 1.804054431915283203e+02 2.579840421676635742e+02
4.580588817596435547e+02 1.640801389217376709e+02 2.279714988470077515e+02
4.649283943176269531e+02 2.035609564781188965e+02 2.739643169641494751e+02
4.351401576995849609e+02 1.449630138874053955e+02 2.636248510479927063e+02
3.554455490112304688e+02 1.773105242252349854e+02 2.552627571225166321e+02
4.391013889312744141e+02 2.063846473693847656e+02 2.579894613623619080e+02
4.043029861450195312e+02 1.625879299640655518e+02 2.370550748705863953e+02
4.382097015380859375e+02 1.941880133152008057e+02 2.541091919541358948e+02
4.597531032562255859e+02 1.873042464256286621e+02 2.495224151611328125e+02
4.299026508331298828e+02 1.396740472316741943e+02 2.447511332631111145e+02
3.881564598083496094e+02 1.606488199234008789e+02 2.290137721300125122e+02
4.382057876586914062e+02 1.846544861793518066e+02 2.389529023766517639e+02
3.887334861755371094e+02 1.819388272762298584e+02 2.675267463326454163e+02
5.167087974548339844e+02 1.968099532127380371e+02 2.636446269750595093e+02
4.478239326477050781e+02 2.116206612586975098e+02 2.626910259723663330e+02
4.258924407958984375e+02 1.756997332572937012e+02 2.574881497025489807e+02
4.047671279907226562e+02 1.718665146827697754e+02 2.455401502251625061e+02
4.207277374267578125e+02 1.593570935726165771e+02 2.206614619493484497e+02
4.410269241333007812e+02 1.748222010135650635e+02 2.262115100026130676e+02
3.917416458129882812e+02 1.506258893013000488e+02 2.407718138694763184e+02
5.219150428771972656e+02 1.680653243064880371e+02 2.643556030988693237e+02
4.193214149475097656e+02 1.688908054828643799e+02 2.568976635336875916e+02
4.977050094604492188e+02 1.760505814552307129e+02 2.670188798904418945e+02
4.182879791259765625e+02 1.489227595329284668e+02 2.393187558650970459e+02
4.021894607543945312e+02 1.601826040744781494e+02 2.535500653982162476e+02
3.566173820495605469e+02 1.584151215553283691e+02 2.619611100554466248e+02
4.449985561370849609e+02 1.631727213859558105e+02 2.362852469682693481e+02
5.182561511993408203e+02 2.263299849033355713e+02 2.730860100388526917e+02
4.640740394592285156e+02 1.852647862434387207e+02 2.438853405714035034e+02
4.017081222534179688e+02 2.000877814292907715e+02 2.345095306038856506e+02
4.913312225341796875e+02 1.641697859764099121e+02 2.596032010912895203e+02
5.000895957946777344e+02 1.911053187847137451e+02 2.620278741121292114e+02
3.906154403686523438e+02 1.875336873531341553e+02 2.520664142966270447e+02
4.434192161560058594e+02 1.582388288974761963e+02 2.249827594757080078e+02
4.378212051391601562e+02 1.775772345066070557e+02 2.447404111027717590e+02
3.812615242004394531e+02 1.652051208019256592e+02 2.155414156913757324e+02
4.557154655456542969e+02 1.761338186264038086e+02 2.272537294030189514e+02
3.760445976257324219e+02 1.518998038768768311e+02 2.319282466769218445e+02
3.832881088256835938e+02 1.658666751384735107e+02 2.582917895317077637e+02
3.578229713439941406e+02 1.681229205131530762e+02 2.829150902032852173e+02
3.763335971832275391e+02 1.735288786888122559e+02 2.769577004909515381e+02
4.181991271972656250e+02 1.566296877861022949e+02 2.325687405467033386e+02
4.170545997619628906e+02 2.171893548965454102e+02 2.778724821209907532e+02
3.825337677001953125e+02 1.585335278511047363e+02 2.579759142398834229e+02
4.341820526123046875e+02 1.688303067684173584e+02 2.355101779699325562e+02
4.401021728515625000e+02 1.940922894477844238e+02 2.428932428956031799e+02
3.985282669067382812e+02 1.389942109584808350e+02 2.240282348394393921e+02
3.831933174133300781e+02 1.616199932098388672e+02 2.510708844661712646e+02
4.441285133361816406e+02 1.396093556880950928e+02 2.415669628381729126e+02
4.289084663391113281e+02 1.821614644527435303e+02 2.505107772946357727e+02
4.175027236938476562e+02 1.868527584075927734e+02 2.727135894894599915e+02
3.479288940429687500e+02 1.721170945167541504e+02 2.531799190640449524e+02
4.548459568023681641e+02 1.755564248561859131e+02 2.638902763128280640e+02
4.498081378936767578e+02 2.099107425212860107e+02 2.642869966626167297e+02
3.710461120605468750e+02 1.575409579277038574e+02 2.491586754918098450e+02
4.503668193817138672e+02 1.882921230792999268e+02 2.509409880042076111e+02
4.629117088317871094e+02 1.661170887947082520e+02 2.625749168395996094e+02
4.019879302978515625e+02 1.481841571331024170e+02 2.549528250098228455e+02
3.619638633728027344e+02 1.645085301399230957e+02 2.407754179835319519e+02
3.966966094970703125e+02 1.596370244026184082e+02 2.578468523025512695e+02
4.626742668151855469e+02 1.688793182373046875e+02 2.433013989329338074e+02
4.345865936279296875e+02 2.259462790489196777e+02 2.404930277466773987e+02
5.613582687377929688e+02 1.890898563861846924e+02 2.459078761339187622e+02
3.634658870697021484e+02 2.043751759529113770e+02 2.622268915772438049e+02
4.483711395263671875e+02 1.884612483978271484e+02 2.593111056685447693e+02
3.737057189941406250e+02 1.841125738620758057e+02 2.648622716665267944e+02
4.756960945129394531e+02 1.958482441902160645e+02 2.465618580579757690e+02
3.574320774078369141e+02 1.429632906913757324e+02 2.472553173899650574e+02
4.478896999359130859e+02 1.956513142585754395e+02 2.480390842556953430e+02
4.109845962524414062e+02 1.815176177024841309e+02 2.241002334952354431e+02
4.514384536743164062e+02 1.971215090751647949e+02 2.493296800255775452e+02
3.673730125427246094e+02 1.686130988597869873e+02 2.362164158225059509e+02
3.933645896911621094e+02 1.624035451412200928e+02 2.316948352456092834e+02
4.391675586700439453e+02 1.901457228660583496e+02 2.705698916912078857e+02
4.067633132934570312e+02 1.783528299331665039e+02 2.871361507177352905e+02
4.263239822387695312e+02 1.666225502490997314e+02 2.611660664677619934e+02
4.285265464782714844e+02 1.660579948425292969e+02 2.494051494598388672e+02
4.417356624603271484e+02 1.738383839130401611e+02 2.334637666940689087e+02
3.583844947814941406e+02 1.515822257995605469e+02 2.548969470858573914e+02
4.026921653747558594e+02 1.673479893207550049e+02 2.172891238927841187e+02
3.861816177368164062e+02 1.623984708786010742e+02 2.431714098453521729e+02
4.144770298004150391e+02 1.694883427619934082e+02 2.709591186046600342e+02
4.226524963378906250e+02 1.452164919376373291e+02 2.369798390865325928e+02
4.679199562072753906e+02 1.724403731822967529e+02 2.655655823945999146e+02
4.728708801269531250e+02 1.849331696033477783e+02 2.423040820956230164e+02
4.469783058166503906e+02 1.797193486690521240e+02 2.538824116587638855e+02
4.033562812805175781e+02 1.516345958709716797e+02 2.513768419027328491e+02
3.784589347839355469e+02 1.722590990066528320e+02 2.354543492197990417e+02
3.952858982086181641e+02 1.699655239582061768e+02 2.405784071087837219e+02
4.437432479858398438e+02 2.003487317562103271e+02 2.785304905772209167e+02
3.874692878723144531e+02 1.546488556861877441e+02 2.505320969820022583e+02
3.723732128143310547e+02 1.595207529067993164e+02 2.617698984742164612e+02
4.031823768615722656e+02 1.275083260536193848e+02 2.279178841710090637e+02
3.836016349792480469e+02 1.496827344894409180e+02 2.377296336293220520e+02
4.243926372528076172e+02 1.709186460971832275e+02 2.443194804787635803e+02
3.688873405456542969e+02 2.128737554550170898e+02 2.677505497336387634e+02
3.952684478759765625e+02 1.906587660312652588e+02 2.296777686476707458e+02
3.653590316772460938e+02 1.831080613136291504e+02 2.511782790422439575e+02
3.780349445343017578e+02 1.326680736541748047e+02 2.334078003764152527e+02
5.041397056579589844e+02 2.043044490814208984e+02 2.708341718912124634e+02
4.142686786651611328e+02 1.901123616695404053e+02 2.727317464351654053e+02
4.408737754821777344e+02 1.713035433292388916e+02 2.748230692744255066e+02
4.232525062561035156e+02 1.708938829898834229e+02 2.430303989052772522e+02
4.143532829284667969e+02 1.840351593494415283e+02 2.557966239452362061e+02
4.067334804534912109e+02 1.672579574584960938e+02 2.318938556313514709e+02
3.758400192260742188e+02 1.444144272804260254e+02 2.521113061308860779e+02
3.910161952972412109e+02 1.382280158996582031e+02 2.219298408031463623e+02
4.995000915527343750e+02 1.756631488800048828e+02 2.546371699571609497e+02
4.738181629180908203e+02 1.798120670318603516e+02 2.461281125545501709e+02
3.783740501403808594e+02 1.729878456592559814e+02 2.726564791798591614e+02
4.333927650451660156e+02 1.906382362842559814e+02 2.506540658473968506e+02
4.275574970245361328e+02 1.617496297359466553e+02 2.680825241208076477e+02
3.429382934570312500e+02 1.601915497779846191e+02 2.502474362850189209e+02
2.962664527893066406e+02 1.815590019226074219e+02 2.597887519598007202e+02
4.159837436676025391e+02 1.844369621276855469e+02 2.423733313083648682e+02
3.823517208099365234e+02 1.930667052268981934e+02 2.712498162984848022e+02
3.551621112823486328e+02 1.581418485641479492e+02 2.290299103856086731e+02
3.872949600219726562e+02 1.871859979629516602e+02 2.729932310581207275e+02
3.734973697662353516e+02 1.638058567047119141e+02 2.378732334375381470e+02
4.525866165161132812e+02 1.629603033065795898e+02 2.392103426456451416e+02
4.046075153350830078e+02 1.589808027744293213e+02 2.315706933140754700e+02
4.799020385742187500e+02 1.561511015892028809e+02 2.194085644483566284e+02
4.650837688446044922e+02 1.527710175514221191e+02 2.213088698983192444e+02
4.050673294067382812e+02 1.933722503185272217e+02 2.444713869690895081e+02
5.074027900695800781e+02 2.006239733695983887e+02 2.684613114595413208e+02
3.588118305206298828e+02 1.420740771293640137e+02 2.403828672170639038e+02
4.224531955718994141e+02 2.014964177608489990e+02 2.708455470204353333e+02
4.165003261566162109e+02 1.576158578395843506e+02 2.628818049430847168e+02
3.935738582611083984e+02 1.717215497493743896e+02 2.598214793801307678e+02
4.286919822692871094e+02 1.882646651268005371e+02 2.440236361622810364e+02
3.973938446044921875e+02 1.348294272422790527e+02 2.168143482804298401e+02
4.229494667053222656e+02 1.892922756671905518e+02 2.459061623811721802e+02
4.849595241546630859e+02 1.845487458705902100e+02 2.440748255252838135e+02
4.091580505371093750e+02 1.361953608989715576e+02 2.343367471694946289e+02
3.883600940704345703e+02 1.799688627719879150e+02 2.705156017541885376e+02
4.322847461700439453e+02 1.552524950504302979e+02 2.452441051006317139e+02
4.711946868896484375e+02 1.644008648395538330e+02 2.703428446650505066e+02
3.987932929992675781e+02 1.726274185180664062e+02 2.483886336684226990e+02
3.763217945098876953e+02 1.847816181182861328e+02 2.436251733303070068e+02
3.629878387451171875e+02 1.622089803218841553e+02 2.527761363983154297e+02
4.319357223510742188e+02 1.740787944793701172e+02 2.421654987335205078e+02
3.501189651489257812e+02 1.763204603195190430e+02 2.364594714641571045e+02
3.835863685607910156e+02 1.312201766967773438e+02 2.494325889348983765e+02
4.604054794311523438e+02 2.139767398834228516e+02 2.800723775625228882e+02
3.918589153289794922e+02 1.663239717483520508e+02 2.422904919385910034e+02
3.939596424102783203e+02 1.521608097553253174e+02 2.658625300526618958e+02
4.344138870239257812e+02 1.570572228431701660e+02 2.323304306864738464e+02
3.860639610290527344e+02 1.896960055828094482e+02 2.342543284893035889e+02
3.627037715911865234e+02 1.844656755924224854e+02 2.502548213601112366e+02
3.816070804595947266e+02 1.437059397697448730e+02 2.414437443614006042e+02
4.227711067199707031e+02 1.750017094612121582e+02 2.536790437698364258e+02
3.469264888763427734e+02 1.557203292846679688e+02 2.363530507087707520e+02
4.172671585083007812e+02 1.677204113006591797e+02 2.568862361311912537e+02
4.113375015258789062e+02 1.787986283302307129e+02 2.282157180309295654e+02
4.517501926422119141e+02 1.482316589355468750e+02 2.524285543560981750e+02
4.512037887573242188e+02 1.594267013072967529e+02 2.541753323078155518e+02
3.929278202056884766e+02 1.625881979465484619e+02 2.442343633174896240e+02
4.557766227722167969e+02 1.378102843761444092e+02 2.501443558335304260e+02
3.682777366638183594e+02 1.928547215461730957e+02 2.499347561001777649e+02
3.449932136535644531e+02 1.583804736137390137e+02 2.359098807573318481e+02
3.662391185760498047e+02 1.987353227138519287e+02 2.326045752167701721e+02
4.290224838256835938e+02 1.661496789455413818e+02 2.485714663267135620e+02
4.516740760803222656e+02 1.600749449729919434e+02 2.307329784035682678e+02
3.326915702819824219e+02 1.643560485839843750e+02 2.501351878643035889e+02
4.470033226013183594e+02 1.612138993740081787e+02 2.648583505153656006e+02
4.165120277404785156e+02 2.042693674564361572e+02 2.653589019179344177e+02
3.982554550170898438e+02 1.658768110275268555e+02 2.676926279664039612e+02
3.549727668762207031e+02 1.714835226535797119e+02 2.240389814972877502e+02
3.816500129699707031e+02 1.338015902042388916e+02 2.300997405648231506e+02
4.198139762878417969e+02 2.206721534729003906e+02 2.798787524700164795e+02
3.965722618103027344e+02 1.711967980861663818e+02 2.461025843024253845e+02
3.949142074584960938e+02 1.777177295684814453e+02 2.456841426491737366e+02
4.400245666503906250e+02 1.557123191356658936e+02 2.481042166352272034e+02
3.204404945373535156e+02 1.429675447940826416e+02 2.614474306702613831e+02
4.265954971313476562e+02 1.684721393585205078e+02 2.317749542593955994e+02
3.681976680755615234e+02 1.739685163497924805e+02 2.396372680068016052e+02
4.445284614562988281e+02 1.616640863418579102e+02 2.473051005005836487e+02
4.119685363769531250e+02 1.902663645744323730e+02 2.527188543081283569e+02
4.060774383544921875e+02 1.335941967964172363e+02 2.455496210455894470e+02
3.744922122955322266e+02 1.951918611526489258e+02 2.837093861699104309e+02
3.816272773742675781e+02 1.523000359535217285e+02 2.530494174957275391e+02
3.302311935424804688e+02 1.599706470966339111e+02 2.530562636852264404e+02
3.664576683044433594e+02 1.531008152961730957e+02 2.281710229516029358e+02
3.354459304809570312e+02 1.708683769702911377e+02 2.375175849199295044e+02
3.924061279296875000e+02 1.613278779983520508e+02 2.455015909075737000e+02
3.946775684356689453e+02 1.570108556747436523e+02 2.432096273303031921e+02
3.061226463317871094e+02 1.645717556476593018e+02 2.771253643035888672e+02
3.624677333831787109e+02 1.591775047779083252e+02 2.433587639331817627e+02
4.787532882690429688e+02 1.711095781326293945e+02 2.328805248737335205e+02
4.698243083953857422e+02 2.093001036643981934e+02 2.451901971697807312e+02
3.833490676879882812e+02 1.465802419185638428e+02 2.362844582796096802e+02
4.346059684753417969e+02 1.739520056247711182e+02 2.572681899070739746e+02
3.814639511108398438e+02 1.917559764385223389e+02 2.597034057378768921e+02
4.062793502807617188e+02 1.871081306934356689e+02 2.459855128526687622e+02
4.081892356872558594e+02 1.473303914070129395e+02 2.346310808658599854e+02
3.899680747985839844e+02 1.374223387241363525e+02 2.386093159317970276e+02
4.048693580627441406e+02 1.561943829059600830e+02 2.453069739341735840e+02
